
========= Fundamental Test 1 =========

========= Testing compress methods on original and new algorithms ==========

========= Using original algorithms:

1         1         4         5         2        10        -3         7         6
4         4        -1 -0.353553  -1.06066     -0.75      0.75      3.25      0.25
4         4        -1         0  -1.06066         0         0      3.25         0
3         3         3         3         3        10        -3       6.5       6.5

[  1.000000,  1.000000][  1.000000,  1.000000][  4.000000,  4.000000][  5.000000,  5.000000][  2.000000,  2.000000][ 10.000000, 10.000000][ -3.000000, -3.000000][  7.000000,  7.000000][  6.000000,  6.000000]
[  3.999999,  4.000001][  3.999999,  4.000001][ -1.000001, -0.999999][ -0.353554, -0.353553][ -1.060661, -1.060660][ -0.750001, -0.749999][  0.749999,  0.750001][  3.249999,  3.250001][  0.249999,  0.250001]
[  3.999999,  4.000001][  3.999999,  4.000001][ -1.000001, -0.999999][  0.000000,  0.000000][ -1.060661, -1.060660][  0.000000,  0.000000][  0.000000,  0.000000][  3.249999,  3.250001][  0.000000,  0.000000]
[  2.999999,  3.000001][  2.999999,  3.000001][  2.999999,  3.000001][  2.999999,  3.000001][  2.999999,  3.000001][  9.999999, 10.000001][ -3.000001, -2.999999][  6.499999,  6.500001][  6.499999,  6.500001]

========= Using new algorithms:

1         1         4         5         2        10        -3         7         6
4         4        -1 -0.353553  -1.06066     -0.75      0.75      3.25      0.25
4         4        -1         0  -1.06066         0         0      3.25         0
3         3         3         3         3        10        -3       6.5       6.5

[  1.000000,  1.000000][  1.000000,  1.000000][  4.000000,  4.000000][  5.000000,  5.000000][  2.000000,  2.000000][ 10.000000, 10.000000][ -3.000000, -3.000000][  7.000000,  7.000000][  6.000000,  6.000000]
[  4.000000,  4.000000][  4.000000,  4.000000][ -1.000000, -1.000000][ -0.353554, -0.353553][ -1.060661, -1.060660][ -0.750000, -0.750000][  0.750000,  0.750000][  3.250000,  3.250000][  0.250000,  0.250000]
[  4.000000,  4.000000][  4.000000,  4.000000][ -1.000000, -1.000000][  0.000000,  0.000000][ -1.060661, -1.060660][  0.000000,  0.000000][  0.000000,  0.000000][  3.250000,  3.250000][  0.000000,  0.000000]
[  3.000000,  3.000000][  3.000000,  3.000000][  3.000000,  3.000000][  3.000000,  3.000000][  3.000000,  3.000000][  9.999999, 10.000001][ -3.000001, -2.999999][  6.499999,  6.500001][  6.499999,  6.500001]
